 1000.00     305.00      14.00
   25.00     300.00      10.00       0.73       0.01
   75.00     300.00      10.00       2.02       0.03
  125.00     300.00      10.00       3.14       0.05
  175.00     300.00      10.00       4.10       0.05
  225.00     300.00      10.00       4.92       0.06
  275.00     300.00      10.00       5.63       0.06
  325.00     300.00      10.00       6.24       0.06
  375.00     300.00      10.00       6.77       0.06
  425.00     300.00      10.00       7.22       0.06
  475.00     300.00      10.00       7.61       0.06
  525.00     300.00      10.00       7.94       0.06
  575.00     300.00      10.00       8.23       0.05
  625.00     300.00      10.00       8.48       0.05
  675.00     300.00      10.00       8.69       0.05
  725.00     300.00      10.00       8.87       0.04
  775.00     300.00      10.00       9.03       0.04
  825.00     300.00      10.00       9.16       0.04
  875.00     300.00      10.00       9.27       0.03
  925.00     300.00      10.00       9.37       0.03
  975.00     302.43      10.00       9.46       0.03
 1025.00     305.63       4.00       9.53       0.02
 1075.00     308.05       4.00       9.59       0.02
 1125.00     308.20       4.00       9.65       0.02
 1175.00     308.35       4.00       9.69       0.02
 1225.00     308.50       4.00       9.73       0.02
 1275.00     308.65       4.00       9.76       0.01
 1325.00     308.80       4.00       9.79       0.01
 1375.00     308.95       4.00       9.82       0.01
 1425.00     309.10       4.00       9.84       0.01
 1475.00     309.25       4.00       9.85       0.01
 1525.00     309.40       4.00       9.87       0.01
 1575.00     309.55       4.00       9.88       0.01
 1625.00     309.70       4.00       9.89       0.01
 1675.00     309.85       4.00       9.90       0.01
 1725.00     310.00       4.00       9.90       0.00
 1775.00     310.15       4.00       9.91       0.00
 1825.00     310.30       4.00       9.91       0.00
 1875.00     310.45       4.00       9.92       0.00
 1925.00     310.60       4.00       9.92       0.00
 1975.00     310.75       4.00       9.92       0.00
 2025.00     310.90       4.00       9.92       0.00
